$ANSIBLE_VAULT;1.1;AES256
32623661373637373833336236316666346133366338323665636266373935326530376263656634
3133373139666263313932323563323765343839336262610a663835356531366462306130646264
38613564393732323332353137646164343864343333306562393232623063396165376637646365
3731303862383039390a383735323236386137366536343838303038396463333634346633393064
64616365653230346566366333383461333463373836353931356133316132653337343362623331
35336361656130386464343966343637343663326439333430356134383238656363346361333930
63656364636531623637366362326537353133336234373363323539666538633238336337343431
35666663373536383931623264366636356531313633666336656632646562643061353232383234
66306466613432386431353635613763383331393763376565393934666634306365616233336139
36623735333732663363303331643732386434316135636566613961363431643230613833333935
65643961323131386639643961363631613834373437376337353064326465623562376364376361
31353537393934613935636262343238343664333238666130643739666134363339646234316631
61353634316133316363363936393434306335323564303530613938376435313663333964346430
63386632313732373336646530626566326538666238383866393132613134323635393366396133
64353661383433653264346265623265633434366664343664373337373032313362356132373037
31633862613331333738653365623132393466333932376566663666353761623236393431303939
64366166376138363263343933313837656638653430653737313638313338353766313337303766
31323961313638306561363135623633313932343739376135656362306364336164326361626666
66636538633733376531653836636561386637656163343363363335333732663233323332323665
64356539643931343135323966353538323563626233343636613837613463393438646366386538
34633734323065356338373463313738313637363164343630343736356363636133613530623134
63396336623838363964306339323664366437653435613936363335323632366234376439643563
36333561393764653165326565376637666630653764363132616665373036373062613235653234
66393463353731393462383036363036636139636434336337373436343432663662343432306636
64323134393364343663316339376363623866313164643833626334356535623532
